每幅图像的标定误差：
第1幅图像的平均误差：0.181142像素
第2幅图像的平均误差：0.145354像素
第3幅图像的平均误差：0.170157像素
第4幅图像的平均误差：0.403575像素
第5幅图像的平均误差：0.196079像素
第6幅图像的平均误差：0.229553像素
第7幅图像的平均误差：0.27999像素
第8幅图像的平均误差：0.225605像素
第9幅图像的平均误差：0.178534像素
第10幅图像的平均误差：0.270414像素
第11幅图像的平均误差：0.334121像素
第12幅图像的平均误差：0.404517像素
第13幅图像的平均误差：0.40212像素
第14幅图像的平均误差：0.1947像素
第15幅图像的平均误差：0.667609像素
第16幅图像的平均误差：0.27348像素
第17幅图像的平均误差：0.215839像素
第18幅图像的平均误差：0.348581像素
第19幅图像的平均误差：0.587867像素
第20幅图像的平均误差：0.412273像素
第21幅图像的平均误差：0.337839像素
第22幅图像的平均误差：0.243165像素
第23幅图像的平均误差：0.288691像素
第24幅图像的平均误差：0.473088像素
第25幅图像的平均误差：0.307097像素
总体平均误差：0.310856像素

相机内参数矩阵：
[1022.495579574012, 0, 955.4771266075064;
  0, 1020.4597023312, 528.1447325840023;
  0, 0, 1]

畸变系数：
[-0.4040027471081601, 0.1536519105663794, 0.001205494193200498, 0.0003950071458096129, -0.02541345538808666]


第1幅图像的旋转向量：
[-261.6108758476868; -386.1703465188174; 1165.999998781698]
第1幅图像的旋转矩阵：
[0.709064373789017, 0.6862791446878812, 0.1620143493325803;
  -0.6473151507097424, 0.7246241685402334, -0.2364379623262705;
  -0.2796619557337263, 0.06277539274146814, 0.9580440702709566]
第1幅图像的平移向量：
[2.087489652304203; 2.194588856319795; -0.09272875807280952]

第2幅图像的旋转向量：
[-335.5616861053592; -383.3215183074341; 1189.251153938065]
第2幅图像的旋转矩阵：
[0.85725304094689, 0.5004678072730687, 0.1210338699315039;
  -0.4769466357084673, 0.8603922086373987, -0.1795749258733901;
  -0.1940080680633777, 0.09621445421216895, 0.9762702742207049]
第2幅图像的平移向量：
[1.981783450685349; 2.100450422796483; 0.08990141381991631]

第3幅图像的旋转向量：
[-186.5001082206536; -370.8151627368499; 1326.114756592661]
第3幅图像的旋转矩阵：
[0.57128226207546, -0.7728156179871293, -0.2763921084856025;
  0.8040893992218783, 0.594508323921615, -0.0003014082133516033;
  0.1645503421356044, -0.2220717752959246, 0.9610449060891858]
第3幅图像的平移向量：
[2.174418560510079; 2.269083020777767; -0.2785226091517174]

第4幅图像的旋转向量：
[160.0474546734261; -435.1637551614852; 913.040376006456]
第4幅图像的旋转矩阵：
[0.991113147768084, 0.1194686205935276, 0.05849766674594639;
  -0.1206786598742792, 0.9925356580375322, 0.01759626593771575;
  -0.05595881853817238, -0.02449931055116681, 0.9981324533399009]
第4幅图像的平移向量：
[2.318060244131964; 2.339204251764252; -0.4799646010429277]

第5幅图像的旋转向量：
[-255.0183115597473; -400.3677733498184; 1181.550068316282]
第5幅图像的旋转矩阵：
[-0.4843094381685217, 0.8745670576140059, -0.02401728205420023;
  -0.6798175891375167, -0.3934591203620451, -0.6189006108440839;
  -0.550719904851954, -0.2834120363363311, 0.7851020341710682]
第5幅图像的平移向量：
[-2.053650241629838; -2.078977686757432; 0.4533159805282587]

第6幅图像的旋转向量：
[-7.096410441978392; -422.3790398107604; 903.074681251676]
第6幅图像的旋转矩阵：
[-0.4448043418285638, 0.8155809431661531, 0.3701037998111696;
  -0.8068669646753608, -0.1855491201005369, -0.5608361840551005;
  -0.3887348695525374, -0.5480868992907281, 0.7405983743027302]
第6幅图像的平移向量：
[1.968536967534876; 2.072658205330745; 0.1351706273840808]

第7幅图像的旋转向量：
[-831.2964748831422; -436.0442381384939; 694.3683179676012]
第7幅图像的旋转矩阵：
[0.7510606885330503, 0.6508851724779654, 0.1107083302583394;
  -0.3824381897741032, 0.5655752747252676, -0.7306610976518081;
  -0.5381903688682725, 0.5064317336697685, 0.6737047023657066]
第7幅图像的平移向量：
[1.789091608080274; 1.916138301053504; 0.4043626563150896]

第8幅图像的旋转向量：
[-400.8899648004385; -432.321343374322; 791.7478927532857]
第8幅图像的旋转矩阵：
[0.8052068570865883, -0.4733980386966156, -0.3571221279323589;
  0.5563708358407259, 0.8114757732018589, 0.1787695794377143;
  0.2051667866069714, -0.3426388280166783, 0.9167907194167743]
第8幅图像的平移向量：
[1.884420566336794; 2.002809489786083; 0.2629728499979817]

第9幅图像的旋转向量：
[-188.785781984125; -274.3892324851547; 855.955642218458]
第9幅图像的旋转矩阵：
[0.4541060776270436, -0.8063670941812787, -0.3788928340359874;
  0.8763658595064679, 0.4808953199284832, 0.02688069125545978;
  0.1605320857450967, -0.3442554294307101, 0.925050079051835]
第9幅图像的平移向量：
[2.093006028936216; 2.171171818098737; 0.1450862033155777]

第10幅图像的旋转向量：
[-732.6565815952883; -256.3639374266331; 614.5456695740345]
第10幅图像的旋转矩阵：
[0.1375946510969251, 0.6274439353146151, -0.7664083898460562;
  0.1032139230682378, -0.7786381842808002, -0.6189260570252011;
  -0.985096237975955, 0.006056898282755352, -0.1718973993660552]
第10幅图像的平移向量：
[-2.284592569583633; -2.358619737407805; -0.1941132812731984]

第11幅图像的旋转向量：
[-328.7937244713884; -268.4640278661367; 657.1976213090767]
第11幅图像的旋转矩阵：
[-0.6423759948513206, 0.3742684304988124, -0.6687871284427742;
  0.2010356890427613, -0.7597983545050524, -0.6182969450211742;
  -0.7395523869002643, -0.5316291963609319, 0.412834912049298]
第11幅图像的平移向量：
[2.147024174502017; 2.221526177228627; 0.03427719354044301]

第12幅图像的旋转向量：
[35.45131688940953; -275.893319103944; 642.7374168022616]
第12幅图像的旋转矩阵：
[-0.9689265336604223, -0.2473367394559832, 0.002430984179631737;
  0.1686101739775701, -0.6676471063911371, -0.7251330571410982;
  0.1809750855782421, -0.7021907708328449, 0.6886044871746941]
第12幅图像的平移向量：
[2.213761157310686; 2.294356436871628; -0.1020283715383682]

第13幅图像的旋转向量：
[117.8465564627025; -278.8891231424532; 952.6344244479078]
第13幅图像的旋转矩阵：
[0.8477491908087339, -0.513815067804396, -0.1315879385821546;
  0.5036578831673195, 0.8576219108315423, -0.1039874741739074;
  0.1662830304226851, 0.02187999448853491, 0.9858352903171148]
第13幅图像的平移向量：
[-1.836340471840853; -1.91445342260803; 0.5743936745559528]

第14幅图像的旋转向量：
[-634.8851788063548; -259.0966717605199; 658.9570148811042]
第14幅图像的旋转矩阵：
[0.094573877831026, -0.2391239351633987, -0.9663723533214166;
  0.8332714888184463, -0.5121337990555347, 0.2082728925886306;
  -0.5447149782723917, -0.8249477047043139, 0.1508206781207135]
第14幅图像的平移向量：
[-2.197796641297521; -2.273361291545454; 0.01642394323448471]

第15幅图像的旋转向量：
[246.9513872987861; -248.9046175614858; 1171.419486883687]
第15幅图像的旋转矩阵：
[-0.69980904901778, 0.5359742085064874, 0.4722276386751149;
  -0.6816783061709135, -0.6986611429073208, -0.2172263664645485;
  0.2134993719166045, -0.473924313796286, 0.8542913806096455]
第15幅图像的平移向量：
[-1.367968130020476; -1.78159079534168; 1.253893805350227]

第16幅图像的旋转向量：
[-743.0168086898184; -213.6996078158563; 643.6379706174148]
第16幅图像的旋转矩阵：
[0.8994558820937132, -0.3666463058725746, -0.2378016033524893;
  0.4360672218989816, 0.7887534368172356, 0.433259037867998;
  0.02871400620471765, -0.4933948746176772, 0.8693313542882725]
第16幅图像的平移向量：
[-1.9970757048505; -2.15109599043692; -0.6349729928264413]

第17幅图像的旋转向量：
[-95.06638828367288; -211.4234191480808; 836.1013778310402]
第17幅图像的旋转矩阵：
[0.8477048090338293, -0.5099076704127893, -0.1462556815823619;
  0.5181388166009483, 0.8550070960609522, 0.02224932396246455;
  0.1137045446421908, -0.09464160469698291, 0.9889965840123474]
第17幅图像的平移向量：
[2.044591257699159; 2.236559613576047; -0.1330862848890978]

第18幅图像的旋转向量：
[-417.8536570410402; -237.6353034625744; 647.1041348178792]
第18幅图像的旋转矩阵：
[0.05738647413982306, -0.5715461928911777, -0.8185607747610436;
  0.9654673720659074, -0.1769330988637431, 0.1912261279287523;
  -0.2541250598857775, -0.8012675133300198, 0.5416556341624966]
第18幅图像的平移向量：
[-2.213256186681202; -2.416022261590106; 0.095121121078552]

第19幅图像的旋转向量：
[-805.3106153879505; -252.0497619005517; 620.0212035072623]
第19幅图像的旋转矩阵：
[0.363665944467276, 0.7798638410123446, -0.5094697933304755;
  -0.2031901674810867, -0.4673385804821063, -0.8604117659771849;
  -0.9090989146807584, 0.4164217101382234, -0.01149446178927904]
第19幅图像的平移向量：
[-2.27484214998725; -2.512705126264958; -0.1646425779781902]

第20幅图像的旋转向量：
[5.877791367077641; -207.7423920432082; 862.5167102289988]
第20幅图像的旋转矩阵：
[0.2940330593128166, -0.9303064272200087, -0.2192590055260865;
  0.9281160033221448, 0.332710820656448, -0.1670454854087397;
  0.2283533323787376, -0.1543808967821333, 0.9612602635604315]
第20幅图像的平移向量：
[2.265655800646798; 2.438752164449349; -0.7571701101431695]

第21幅图像的旋转向量：
[75.73086515579712; -153.4313962247918; 1064.928495626052]
第21幅图像的旋转矩阵：
[-0.5155830237113495, 0.8262714850947102, 0.2268249954922173;
  -0.8566966648227317, -0.4922708329797164, -0.1540787184495783;
  -0.01565152204324856, -0.2737605886844169, 0.9616705100713506]
第21幅图像的平移向量：
[1.951289190812495; 2.298915294853127; -1.09433070074443]

第22幅图像的旋转向量：
[-727.7070624105054; -210.7437706266498; 754.630376658246]
第22幅图像的旋转矩阵：
[0.6701778589388532, -0.5687233547067378, -0.4768808899497325;
  0.73351595046294, 0.409521938808197, 0.5424445889224311;
  -0.1132077197216896, -0.7133340924460919, 0.69162018821715]
第22幅图像的平移向量：
[-2.031587438783297; -2.355164097413669; -0.5755092374154142]

第23幅图像的旋转向量：
[-860.7496644886552; -212.1871015353726; 968.2773077696162]
第23幅图像的旋转矩阵：
[0.9605626492252325, 0.2768810884736322, 0.02561756739152918;
  -0.2622200833307648, 0.9326331009526, -0.2478631213100168;
  -0.09252040213601348, 0.2313706157946467, 0.9684563042984419]
第23幅图像的平移向量：
[-2.051197336134784; -2.28136154588283; 0.6512220713345038]

第24幅图像的旋转向量：
[-373.1178644400292; -207.1307904279842; 952.5114675261638]
第24幅图像的旋转矩阵：
[0.7756173559546886, -0.5928014833127568, -0.2168043323461344;
  0.6293023773199908, 0.7528731273337471, 0.1927707758922788;
  0.0489513538246454, -0.2859518412615989, 0.9569928471194733]
第24幅图像的平移向量：
[-1.86251138016638; -1.911357431733527; 0.5058355601086041]

第25幅图像的旋转向量：
[-632.4317323631876; -246.2721369424249; 595.9623213674606]
第25幅图像的旋转矩阵：
[0.492107950126573, 0.8500581940025433, -0.187698780580367;
  -0.4695851727322722, 0.07765588349248105, -0.8794653656108378;
  -0.7330208257425055, 0.520932462578535, 0.4373898015039205]
第25幅图像的平移向量：
[-2.082308535394512; -2.263276471895937; -0.01019214453129004]


